0.770149222318534
0.117697574024008
0.0168082980759364
0.738147618050483
0.840406581982344
0.723189205076937
0.0516165241699741
0.818722548767018
0.415518862082103
0.756137227914868
0.0819277794440335
0.197289775813288
0.497893088541642
0.338631669560921
0.650111396476846
0.490458384819521
0.905612955375071
0.113573255664554
0.759956595388858
0.650090218631088
0.551758833905744
0.643014919099124
0.766863738105011
0.334238012053366
0.789521216519312
0.155046894978386
0.318508432447927
0.661449900576197
0.60901004814262
0.328522174446729
0.795284844646541
0.489483984963875
0.585413212151433
0.584031703612647
0.638197836937553
0.102459188837238
0.63274674211382
0.015257076546624
0.356257540769852
0.499989706932023
0.0377081338836897
0.4865374266437
0.261016437637592
0.361352648669742
0.103000358426204
0.464070169674222
0.461101950158595
0.702490793395934
0.787414958388539
0.676147772341673
0.33015517703425
0.738519348787206
0.641955557432265
0.349557471446734
0.644533063459886
0.565001704591189
0.186217551387503
0.694084247520765
0.794357398223771
0.635003431067181
0.692832098848786
0.814940532798541
0.705259679064398
0.259798249556153
0.718482598109819
0.676562534617595
0.347126581907286
0.0847662154110475
0.64866827787434
0.702758668881655
0.0460680212107023
0.542655136134973
0.809938265605382
0.219551195134182
0.654267865224901
0.544806549563077
0.282908184062222
0.301341462706486
0.232380347391922
0.627417958284967
0.139008738359886
0.749407776969187
0.537963803817431
0.439981426874324
0.543167552541259
0.588467983810157
0.15518262679558
0.0804323175108991
0.38588494832295
0.186942194347166
0.359915964996732
0.595547061434749
0.252520423660885
0.28612213075209
0.639351220661623
0.485005050329818
0.259802446519666
0.223167172641589
0.492326884007124
0.152371863262928
0.0331166584367355
0.336333089292702
0.657613821421841
0.023961108209347
0.595095842325476
0.851609005149379
0.463852337813781
0.831970471651643
0.0797828396598695
0.0706920948512217
0.385884435573823
0.123667423213392
0.796842850285456
0.887742577876166
0.519565337164113
0.496792179196641
0.475821437266961
0.726320283878769
0.316523996519045
0.243612004495834
0.354844331301016
0.636572180895333
0.706340676502193
0.0552517867351941
0.177817950258758
0.754338336259121
0.0412046914298548
0.341533791668275
0.822929939922849
0.205946264304313
0.621838125113133
0.551177585116044
0.434493152900688
0.499350538695162
0.551560629168627
0.623408006477134
0.462327172025112
0.741672418116183
0.789403594839409
0.356900331918457
0.313365204401201
0.285257777351504
0.619138642990224
0.214365114371245
0.65201009198918
0.686484731011562
0.596542287252542
0.762352829253465
0.683760384078799
0.53750928171128
0.736688293365966
0.131292705917915
0.24878731415472
0.635248766212739
0.0775727184335622
0.824027568713808
0.869347755422843
0.675239602273429
0.688552181133667
0.656417787216923
0.39150219152204
0.488700307191427
0.733036018161713
0.358872397115906
0.666922683346644
0.130424991196329
0.32931810623642
0.420458947405173
0.756466476168612
0.580603667025899
0.331373672561295
0.450275528454415
0.320641670166471
0.638078148117711
0.345714765266848
0.702861601791409
0.58790692248723
0.671414936762404
0.695207953742274
0.605283679562692
0.625418801760568
0.10967038116164
0.570752352661666
0.712878599347241
0.751833201650302
0.666531051870549
0.221733841947203
0.238774365089523
0.134294956367402
0.473205216080185
0.359056254343873
0.818071927620467
0.641932047950163
0.629657324100181
0.424107399999365
0.635842610578166
0.544581860546015
0.603979572501294
0.728157119726797
0.316820396253504
0.667452304662776
0.392114453876449
0.57945873800524
0.298045808688639
0.534796499740784
0.54917653426534
0.769658945798268
0.276128521628107
0.637473727530627
0.869780578358449
0.206852229908889
0.530496462612419
0.137539317479113
0.555891852364239
0.161876495037743
0.347868398514655
0.548596739479253
0.759872924575997
0.487743703970691
0.195714789124186
0.0988327768872247
0.656190707537248
0.754533232620354
0.404278077357275
0.676129773907855
0.553793262995775
0.460657929298027
0.0405263114275584
0.542178921332702
0.632400110735831
0.389595038762615
0.44733882209894
0.758219633485859
0.112079191458516
0.342926429995132
0.378128516994556
0.617732520243631
0.131325464127226
0.108433751885159
0.693074848749601
0.328992443347406
0.772606161015153
0.915580615399584
0.019209594385298
0.194256012446945
0.267829980424524
0.0049844488720669
0.388853694232217
0.626532773717649
0.470582661417898
0.637540165451059
0.229413988251646
0.243291059887034
0.0443898553627092
0.0811805157011988
0.0696394496649743
0.199359358664442
0.318469882629276
0.123023696327555
0.392193159780561
0.0966560149892547
0.366315819079982
0.479037061208038
0.398219821473993
0.573608144337668
0.141323044992239
0.345382314165667
0.319069194484914
0.585416837054959
0.259542317742655
0.642021163474099
0.712757932219356
0.633842928691213
0.394811602342827
0.645429637828153
0.746712172955348
0.605830071052093
0.341595767894305
0.472034222911255
0.619640235708751
0.741780574081467
0.284779863396233
0.406622445361002
0.189325385732447
0.741932217333427
0.432355689867799
0.616993684826274
0.772237308190992
0.0382178881638366
0.905418056550408
0.671348199813907
0.209648657901226
0.825604870158816
0.462429430948413
0.42172942054763
0.0106222825582289
0.10744489725694
0.878006827415592
0.268731935729583
0.588298483740098
0.0778205265022951
0.116344066708998
0.0474586985378695
0.642739317142354
0.343692587068541
0.670570754955577
0.0628532551142252
0.479180125723725
0.715490176481086
0.606630404042016
0.636493931756999
0.689014136476349
0.109032985384507
0.457049264978839
0.771824831282561
0.673539515284627
0.571348243422115
0.668749682122861
0.854293702468472
0.379769798325926
0.446640442509125
0.243771318127117
0.135887526999897
0.0258472674976213
0.259536795596299
0.868201154536969
0.157446673121387
0.733627731182339
0.0609144925906199
0.607571668981034
0.462241002834819
0.757465800200535
0.124863887831771
0.492912944836961
0.181745046224358
0.7625807402182
0.655263437210025
0.293857974494761
0.0220358844557181
0.635742373001004
0.521538218872048
0.778440476769488
0.603485836537159
0.274656421306388
0.174084364186867
0.0724173999106465
0.436061687634235
0.665267578984105
0.56782516521907
0.432642126956513
0.513008396216226
0.485616762544032
0.565225418090616
0.468734530788762
0.143698402869696
0.240356271755075
0.205628955509345
0.671345179842008
0.461876226714948
0.52131688360391
0.739246181067648
0.287304047278137
0.750542866506152
0.327333142833022
0.62018181084321
0.677475387408211
0.71417335689929
0.597357642780009
0.575261251039124
0.58258106990871
0.24208198609621
0.629520507281019
0.279433650753551
0.504578035007579
0.00657880003098865
0.4262865337666
0.104625921799573
0.507344852946446
0.207340613843692
0.13850553715305
0.726313161457946
0.178539960762379
0.647963937542556
0.643664438432806
0.118007070735627
0.419241778494862
0.638006758508118
0.152906735091329
0.546119545640198
0.748162662886639
0.403218337175886
0.259553523213493
0.47873503360086
0.213730678890191
0.745744852095744
0.0434026884749077
0.523851671574025
0.321314575633791
0.815009655572837
0.623876966427375
0.1284383745369
0.53144742742838
0.578737892194161
0.475182899526132
0.539911737300909
0.578630986732777
0.500889726427584
0.449126916494109
0.751773414021753
0.578426144077836
0.3349344407783
0.709120937618715
0.0379508882342307
0.191248571922014
0.500168323770525
0.688930449344037
0.894358897347682
0.529378253427008
0.650839464029213
0.706452871687748
0.580551286398143
0.648268860851588
0.268515482616369
0.290360643388563
0.774475812811148
0.751972324304851
0.184669617436997
0.565244082043111
0.190578313789549
0.0601078217138679
0.180881484506849
0.252265248886148
0.237106823275968
0.246624444644685
0.508356494031337
0.448741796122452
0.502333570161588
0.116704594469769
0.457173015779528
0.627590175552389
0.1997103593578
0.566633117919844
0.67458059479336
0.177400122640574
0.759580477673137
0.116190271842889
0.381604534677699
0.692834989190067
0.0227434535159165
0.193315531682054
0.48081780136205
0.562167867998439
0.267422863533084
0.833630180921007
0.504930041614079
0.302080310240647
0.361679335831496
0.588706604514076
0.33192458954334
0.334302121710128
0.654961751991162
0.53421129524201
0.423404582599925
0.112294136297372
0.363004406301077
0.609236417824099
0.0128972512785222
0.0158565670130168
0.108227794724724
0.0502509800402574
0.0911201561205315
0.60618322585306
0.259744519377702
0.256600942386817
0.599127360871448
0.611803038790758
0.268853828354157
0.0441879493837279
0.612515238467982
0.559682251738692
0.065107445872643
0.635686765830572
0.1652227717416
0.535575460972907
0.7885467928692
0.0963479973338083
0.631921898316074
0.588572538995337
0.0672492054303809
0.636239828155897
0.577936946878704
0.796779691192929
0.240363660698701
0.709398879896584
0.762136274310967
0.0882634227011932
0.0999262042492897
0.721570405689715
0.161734641317131
0.115469338081516
0.0366424057229807
0.807327101281319
0.721986950028146
0.788169286803962
0.443791856941824
0.92972037838781
0.0356325131002018
0.00835978473859167
0.866482457357724
0.107171355915934
0.714327049167911
0.188685117027398
0.554532426694813
0.234280648828777
0.123420465467079
0.778031193972016
0.806721931689758
0.272111059150724
0.13585714070151
0.326378297619139
0.684234941475457
0.366386567615241
0.717640394328819
0.38703369820332
0.439178602542013
0.258568099430926
0.474383355803802
0.524428214924826
0.665749151173915
0.724392801754488
0.0570264425910414
0.717115576116793
0.194331498845669
0.32030688632798
0.747723565649925
0.764623773284214
0.0212473568089651
0.450930646154431
0.264811743905944
0.704559348026375
0.259786165530677
0.560974886425585
0.514942941930982
0.638514309374716
0.521798267271828
0.625709111548468
0.371184448707776
0.849729141202593
0.0548111445956183
0.426304526883642
0.761489458623954
0.158923273338135
0.748163120297876
0.248116481074708
0.762446132955979
0.492454238088519
0.31604934182361
0.53895510724314
0.61899738874059
0.516589925962644
0.0616404190511395
0.789215655022651
0.293565188596385
0.383912406091973
0.749162994146038
0.212507210033512
0.433840511409975
0.0917938949295196
0.453406787202341
0.0566646296556291
0.334400297543499
0.0810106627048302
0.521795940993195
0.260977525248158
0.376901515233209
0.293251379373812
0.655066056128692
0.908235042808083
0.573786499557518
0.759871984724374
0.399751092146199
0.39818888430867
0.852298843088499
0.0726730351795789
0.457011299479269
0.454652572390251
0.171877046498455
0.473011024831634
0.49555263472297
0.738220027505895
0.924218227989494
0.224295911975663
0.347385494709328
0.212001067375874
0.19566101584818
0.250248605631587
0.875363108446892
0.736444137350885
0.602652448784696
0.296576536431446
0.305223687435144
0.614003820836796
0.818430447136328
0.784484039619839
0.188872678280796
0.357474402030378
0.231543855067162
0.098843227158566
0.877998517245201
0.779481465565906
0.343981107117323
0.491671934554005
0.0905341518559473
0.709401480396583
0.266256248324471
0.627807205738868
0.612657767548084
0.609840535574571
0.512389525478047
0.606171731858486
0.592590189350049
0.655572133495654
0.648268403018033
0.177595348772225
0.565780610724641
0.0432645016422266
0.824846839336015
0.0257134754934527
0.806892510796859
0.48091357222213
0.527892563083235
0.900895905813028
0.651223982275237
0.759783621521629
0.737026103356911
0.0138782405536305
0.684797536957449
0.62815784344447
0.623825414573901
0.175063638261135
0.0978850509237971
0.495257310794474
0.688485920768066
0.738169034274216
0.403920254669631
0.548973812486159
0.656356358969632
0.554305661681463
0.473011007612154
0.668716016608875
0.187475618047694
0.632385752824724
0.757583998189994
0.268874852626649
0.16964236988477
0.566530783538801
0.49062789823912
0.0608543479152078
0.531202819690714
0.555213155650469
0.708465848444575
0.0996557689271788
0.16467602773709
0.732614330952742
0.636399114340142
0.731478689169101
0.112888010102741
0.0201216878130704
0.0256372675045887
0.578639610469498
0.406151121697239
0.749157691365737
0.356922976728367
0.651208943741081
0.134884608442103
0.649540821247031
0.010679735502992
0.70509885672765
0.617135791325781
0.701532670600294
0.143810194303444
0.361261275872985
0.216961147261954
0.414026477915305
0.664991666234481
0.397258797493283
0.189537788461724
0.526003152663652
0.679330190434001
0.81636216887148
0.675531009764871
0.101662721921574
0.687742657119644
0.429662430306754
0.499012241970094
0.830650621729884
0.239990622490416
0.490827601856637
0.391616822374929
0.0966676556673369
0.574537845228954
0.424421510309228
0.543680735181397
0.629518840209276
0.370061272280501
0.591448885018728
0.572556980121361
0.147748432629028
0.59371482815207
0.45362847415377
0.608082296542166
0.721575440074308
0.816098756636461
0.782324431921662
0.416652449379661
0.596005794979406
0.179779312384493
0.290072495682483
0.672332838542707
0.917231757577747
0.204975198152882
0.743557838419487
0.432144456337958
0.341614898091388
0.904772838027522
0.332415610907747
0.555411445594576
0.343168136846332
0.0295486390449629
0.737440360369403
0.034311150786693
0.570596346018837
0.716150217858625
0.590847723082665
0.52229187571662
0.126479814999419
0.0859214159492961
0.497470980766563
0.605556199015054
0.740463675530273
0.478006951342331
0.309173263682699
0.565388346385516
0.61795119823696
0.545771236224118
0.430487802748504
0.422663093388306
0.446960020973373
0.021951749887964
0.722629492969353
0.10601923990545
0.677701107573707
0.796919690328044
0.43469826485408
0.0304239951414127
0.532317988164278
0.269453903221887
0.237683863267175
0.270269758004586
0.223494512781101
0.0608721466924889
0.748238295899365
0.547866672403532
0.0260942610160067
0.239585017333309
0.120629709078787
0.469737927287366
0.639502544875155
0.73022171983892
0.190816900535633
0.077302429964539
0.774830120720088
0.466578665228717
0.75960390309303
0.670556849386359
0.633239221692884
0.850767723315618
0.508148340022128
0.757796430604388
0.713933119731374
0.382316514934651
0.854501506695303
0.835639433767297
0.0674795056194423
0.56150248953922
0.526251673465746
0.127817856623363
0.770881102371554
0.58131916977788
0.66695185702131
0.423587574127231
0.814689685933517
0.618493113686096
0.268071614130855
0.610413769268869
0.535579814940576
0.645357748224049
0.424512153172731
0.269220700685861
0.219348363992494
0.521355074180571
0.133510026443339
0.478660793864849
0.701880617121509
0.487760463310106
0.542445943221077
0.860722555539549
0.614865086440531
0.65372534373761
0.536319038874281
0.881159646125236
0.763047092883324
0.606183133069984
0.465844118132489
0.823178340017383
0.582550602211081
0.305040906615699
0.72824121852962
0.346194984519431
0.284385323355673
0.515050788826945
0.152344508864078
0.15659973406644
0.742155495987536
0.637143243465256
0.411590716445811
0.822027003658323
0.706340730537744
0.603978644640167
0.526471846256343
0.265587346455839
0.671939733267455
0.200913468706991
0.231335417145358
0.601522285134908
0.556577756733135
0.0152062796172022
0.822255883652488
0.485589238534154
0.779904830913605
0.661105381313591
0.429033210103654
0.704296778163826
0.566981735025981
0.137463626861644
0.29147242412945
0.623138300237784
0.606057144747842
0.0819699928845274
0.427073219149475
0.47093830055101
0.283332984153296
0.634073455256554
0.442932032795323
0.368319966090275
0.458633478553803
0.193280778179221
0.687596377734813
0.141419451930147
0.168464722106012
0.305813534400202
0.253214950581718
0.699408592344656
0.577606167358035
0.789321664845447
0.201573689522159
0.096177566642358
0.783634812684534
0.876507289714879
0.234440101611232
0.554326653828469
0.422857602191434
0.276049250364972
0.871579725544518
0.644180084189851
0.784568123551876
0.10283018201673
0.496027849509594
0.627371868285673
0.495958314791517
0.211009949770368
0.719319806230943
0.58588114088914
0.284167989389639
0.179001338070468
0.559489082741669
0.232596141011634
0.0551358933098604
0.601365806041242
0.705074790382449
0.158383135813237
0.460054480711327
0.582551817823842
0.343371861790026
0.291928707856833
0.553014580067161
0.31963552118013
0.711851566962846
0.203630575783304
0.638148614276387
0.452659971949454
0.357634287743758
0.0109229686757886
0.198945046775423
0.185704707203742
0.748375473061867
0.44385431265846
0.678540729233218
0.732838284035762
0.17461047313301
0.107560159729866
0.342344022626187
0.580694372421004
0.580086271901214
0.271180322642897
0.261501861694822
0.516365412710277
0.141287909611721
0.210243891550416
0.458446468017829
0.464507732170452
0.462343965778156
0.521369422320714
0.422181625873697
0.742915671447889
0.39631853382372
0.492494134898173
0.73589252750536
0.873859038227839
0.174454383105186
0.257496850477782
0.411111793753493
0.533686718817265
0.605419514723363
0.58264533555064
0.645870490109438
0.052765264699794
0.768767062181557
0.833839540968106
0.37650650158104
0.097243475158301
0.725543849916864
0.175605452403451
0.78485673028524
0.342013312089894
0.038234300441076
0.242583403816616
0.582336289355756
0.423105109114961
0.171964250004739
0.549811255169254
0.355004912041224
0.790514945641626
0.626732245087428
0.321045394633002
0.305564135114051
0.787567841963313
0.772632484973044
0.635674058192597
0.234166704341313
0.302953378133905
0.531131051895069
0.269791016058536
0.790175315785694
0.138710067379067
0.516250265288239
0.406982810524498
0.430325235624498
0.149008330596877
0.286473191316656
0.0721395622574693
0.435673710634493
0.783750906976959
0.536652585465128
0.696468001508818
0.320655793880269
0.720408066823827
0.259575996655051
0.0747064100984238
0.30192218760351
0.514695111107731
0.281770589418221
0.112244412386943
0.173454173577605
0.399264251340148
0.520541034989261
0.430521672716537
0.0332506500491622
0.469685735385874
0.322484477753849
0.0673576165506221
0.677834236805435
0.417929897693154
0.487403873893243
0.847664666394995
0.776364121635761
0.0645886237863118
0.274428988852741
0.723456671000938
0.675835343530363
0.0471249137234025
0.551417875491867
0.531770039588521
0.626361586416727
0.401965109490847
0.617698715212278
0.796842957497312
0.593918770229007
0.21150823153855
0.634499916927284
0.165258284218199
0.0510822293119127
0.694305886020404
0.799982148899841
0.210262065728206
0.717280297673736
0.0476702869036584
0.0362999871661778
0.380299738507991
0.627098964143349
0.760147416760869
0.376452974752746
0.277781768033064
0.569242103848207
0.785413627180615
0.0769457621889886
0.48925644951725
0.181661908427911
0.884169881032794
0.410739817471297
0.609289853349298
0.212184153364019
0.54259534864871
0.384987108687477
0.563132465794645
0.408908844558788
0.380664958467042
0.527558053759274
0.671014284914896
0.579066282651773
0.503573993326514
0.27460689112242
0.222769897498934
0.328773050862054
0.274740290088052
0.0700323662322326
0.240427329078033
0.642117840391718
0.573912152630914
0.287873671584583
0.0165359377589528
0.313561104050698
0.462432659667065
0.346388742565018
0.637529834577432
0.52846166877022
0.265033154533266
0.486398708606736
0.712732564547036
0.490964558535183
0.0626066525082165
0.421714332557235
0.26405345162174
0.704203472707624
0.695596554859508
0.34183044244997
0.517172340503747
0.328041613212655
0.785787735466666
0.414142647387935
0.150606317970637
0.616590813209413
0.45022056969274
0.284723209608096
0.470781004176092
0.158381830344457
0.0283200211220107
0.377450769230046
0.645577129792431
0.390411415306029
0.901447758790912
0.682102626007349
0.622514922501835
0.106958524382972
0.726972349572317
0.822204683837978
0.201913356457862
0.486332233763759
0.715415018851517
0.563908951055181
0.538129148637723
0.660728650294205
0.473209163552988
0.67754592352982
0.349137337037028
0.325732722130855
0.0801100956492446
0.776839721846177
0.521165439704968
0.538965424142205
0.0104337770996211
0.465679108974685
0.559906785305864
0.565427514978986
0.632429889794535
0.581279483890383
0.579993637122598
0.302435395732411
0.359816792118577
0.877849136228666
0.297189609846278
0.427368412971227
0.103832305523512
0.388050660211881
0.347631654299758
0.810753006532825
0.358140657589526
0.373944665830087
0.581703905032238
0.650342130274404
0.264778107430889
0.0514576484748944
0.794940691033278
0.229274227600925
0.426702962306655
0.728665529966112
0.273396066663062
0.397096418153877
0.838128790044412
0.131934350567479
0.151127282733099
0.298021563531003
0.776778114705517
0.518265754899142
0.548083351420914
0.0174067907323574
0.0187132428029641
0.607925786155855
0.635629065739174
0.567807762540748
0.611235231057341
0.0438436341022261
0.781359347807421
0.680411716204736
0.684336199071395
0.702883051829546
0.829970436473227
0.797353959450823
0.549720203196333
0.412406929777446
0.86938696928094
0.765340515575094
0.344844076888773
0.251026745965639
0.181437988950096
0.790163846559334
0.581547432823759
0.424524002346342
0.754358723149797
0.823528032959435
0.450400779244523
0.532516525287
0.124107077829597
0.773201276478459
0.439006724064877
0.752263440314589
0.638290743094448
0.851117048319274
0.00479424144117215
0.526715198216705
0.832022767233597
0.445617536555893
0.644952422037541
0.688591115947022
0.32087010808315
0.769053321974954
0.66366607896738
0.234613602699979
0.588477713750125
0.61283522094947
0.464528544279898
0.767943754039474
0.639744365097922
0.63857661541984
0.354108655454766
0.18839121845631
0.658893592215299
0.276398600602575
0.567936543799729
0.576403039168674
0.418819289571062
0.751225431487577
0.667390730522395
0.472565564877614
0.866118307388791
0.677901400902271
0.934109491956075
0.214624113940337
0.468242906017148
0.59267146730759
0.573379919243337
0.712854621146046
0.0939209269838421
0.568067799813561
0.896688045757133
0.24628024201521
0.156500255213378
0.148285304534562
0.664961701875144
0.529001771989585
0.177256510897747
0.476670329864023
0.357120201718282
0.29462654473744
0.0339462803160418
0.498999488705925
0.301695004182326
0.0907338748487988
0.0748668114219378
0.545928135284716
0.754536687099032
0.343577619192573
0.369125145189046
0.781464574262768
0.507631902231381
0.891702122038008
0.718358173989937
0.64892624704111
0.0774614905514917
0.610874516958338
0.356821169142452
0.432218149285245
0.456681027694109
0.316280068977557
0.457839672762411
0.221537570031572
0.41229752981047
0.635275621138843
0.249532161927935
0.455945503696218
0.634277406836566
0.193280897291949
0.542078307924917
0.0897693828762291
0.552154364387011
0.763256123272231
0.608940572112007
0.0645930714497564
0.198927048307684
0.776532597682261
0.361684583672065
0.767709726473482
0.517900738424039
0.182595119091506
0.74761398676852
0.404971569948457
0.688867224001154
0.47306961615054
0.458893520615718
0.535229555138
0.520902850864839
0.80082004472099
0.0132707775897786
0.0505227263283898
0.668590091554117
0.0801707925400451
0.51632645343452
0.58340166827359
0.529587997101552
0.184398887012316
0.787450440384562
0.0305269268310308
0.283609107313765
0.439310989103764
0.634549831012822
0.689255117319442
0.610874056323688
0.591387553940147
0.108449469059079
0.63269774107221
0.214506269909013
0.59711619864107
0.510474936539283
0.281082891917786
0.346634210235513
0.644779273890791
0.581376240244119
0.0630820649695213
0.12765077009579
0.301234676878842
0.51715426884583
0.37070500224081
0.324654316470957
0.673411686912748
0.592788967634385
0.10319240291243
0.327303578073044
0.468975830077306
0.846993285351178
0.587590628299539
0.557498155839971
0.735172273557709
0.405877264518595
0.648551474001876
0.697276127174514
0.456682397888427
0.751979118707995
0.553243671034027
0.667025422670419
0.734946402663424
0.549881892233888
0.52129252128257
0.648342071873914
0.387186048525715
0.751741039693322
0.785285199900329
0.343071648705849
0.620204591734415
0.659150369289472
0.714618693951278
0.545485453606858
0.468223142985155
0.0896421538850129
0.200420618008718
0.696330199662726
0.163903156391359
0.22894459953066
0.537601456174798
0.208772769350976
0.557101808037427
0.737800297811144
0.530168541918373
0.404822169931797
0.148216753214002
0.577482065368055
0.182594502365255
0.64523106187419
0.326749612226193
0.0980255021765872
0.189287423726881
0.816276726979201
0.159726042852516
0.549394065030297
0.45707801444522
0.528584397436092
0.733829667571156
0.43518839367558
0.620828951590706
0.0947093639846395
0.47894440628387
0.77048483451569
0.0520067056444772
0.639889388396796
0.597751004045746
0.24329857288735
0.522472373065461
0.528694049333005
0.653567611038115
0.679102894888527
0.709376519358064
0.797125939892473
0.207898043872836
0.108296128221123
0.803622454582004
0.122933852176417
0.266225384469772
0.52336435568309
0.632840672612343
0.608441611563978
0.516846583329292
0.473199568358367
0.545539331033314
0.466971901945156
0.525558889131791
0.570166662081399
0.497392687525755
0.243263411357758
0.79145232501728
0.785011802521536
0.748462941570083
0.341990419297058
0.126539567567976
0.396812906136935
0.384352885551222
0.501452973483423
0.247834084258934
0.474779256368426
0.567723252325143
0.205075498070631
0.772460486189085
0.435644850638098
0.0394152132653797
0.534957441110531
0.684291491301663
0.738250052427605
0.0793544735984262
0.423700137851051
0.138946470470631
0.175806734158272
0.267485165980273
0.47949622190838
0.720783802632921
0.628947467142535
0.0286033592762639
0.289073362722668
0.168076230851555
0.522017058837853
0.57832727553379
0.798352162184008
0.671775868951845
0.340148367162718
0.620744167941059
0.111674312180933
0.262188737605048
0.161598705539207
0.737421856573052
0.830214322207576
0.770404693195038
0.263525123417816
0.376713933689554
0.493007657407408
0.70705737846892
0.687528450605918
0.6045283041851
0.388375576562436
0.430326932719681
0.648592606977762
0.463486207644367
0.652084292791171
0.813106587838885
0.611623827809341
0.352596852222227
0.481863177667578
0.421444462312924
0.221281457834851
0.328110423011944
0.166566648020033
0.434457447186973
0.724032542576316
0.547355957327895
0.666310430345337
0.383372805462995
0.107205652050739
0.0619326151484612
0.787408463239224
0.194737370559253
0.568607281600175
0.398191851992113
0.66871751640925
0.563780804555419
0.590552097944967
0.360851208647028
0.511168733581406
0.0562464162102437
0.546406742584505
0.681640982067942
0.495182044439087
0.572343262380157
0.816038586694637
0.656850655379585
0.1235600738585
0.683074519118732
0.396375222052753
0.629670151090656
0.787708320959939
0.349378778526319
0.649905814375685
0.683076221259357
0.580395043126231
0.378713699762631
0.305750551737707
0.294290909840643
0.010977281833579
0.303182791058272
0.649677485505492
0.67586110852611
0.266138341032763
0.0921378160716561
0.706414740616644
0.593667487263611
0.423583557529304
0.476974343395846
0.351819485473991
0.720160238039983
0.746511533686483
0.808589119797908
0.899684412890233
0.0801740973244219
0.232091987004432
0.399368401964139
0.456701515800362
0.122300061113583
0.684284948226372
0.733583045638651
0.886882270840174
0.21649547674448
0.431069396365003
0.433273479315251
0.515182976210648
0.293195026849842
0.316092755445359
0.740586803751575
0.744438101389039
0.0542440513363685
0.297815974693212
0.407102800543304
0.0499961199141702
0.797534477139974
0.6458953631341
0.874972461944004
0.733185719245705
0.168794763378128
0.158993515946364
0.448122823915387
0.545622782301994
0.554779370862377
0.670473061124861
0.20736833762068
0.530624084457313
0.316269452650865
0.468973911581697
0.362257026380371
0.370591536180429
0.662623947104565
0.152376718397872
0.291610020198744
0.796850887668964
0.205967460484714
0.391827734562392
0.0876077971264092
0.418705534843683
0.590072809678239
0.659839615104948
0.171005051449476
0.616472320250229
0.234841888052592
0.0129015953891865
0.638814175205763
0.274424877914528
0.309245967543432
0.590894159697598
0.832812566506228
0.651290038578111
0.738941265645188
0.485555019665818
0.534417911650338
0.793815941307166
0.628949790305012
0.49324168917992
0.294967946090814
0.259347178413251
0.768887567542003
0.143317813443693
0.378724225317371
0.526829994034246
0.256746327768053
0.417301249660671
0.542587629790513
0.47632585303711
0.253795955375333
0.546509119125244
0.56012381611679
0.878501508894868
0.915477536421678
0.0739750169352012
0.588313540927248
0.59248768208798
0.65138974902941
0.0509012127835611
0.389711304068541
0.295810306829045
0.10906429820554
0.749598728238729
0.770882438386035
0.493992015952364
0.527121127182069
0.706294835749367
0.044955999340425
0.773163870907729
0.709755797661176
0.15385628093885
0.29345635265694
0.768294906455073
0.591553903645415
0.693078427800016
0.340797644654787
0.235818936523115
0.491259294824882
0.0410098210779073
0.528265125402028
0.504230755563668
0.642690509839645
0.37064140562133
0.0230956489263631
0.639046877570467
0.366176104337466
0.343372137677578
0.75906664481558
0.744525835185304
0.699404662224326
0.502108196894434
0.221091926375101
0.136769683726825
0.481968797222373
0.609612543419857
0.0215656317082376
0.660344635464896
0.755967449466286
0.351011201690691
0.395484690667128
0.0425056468091289
0.80232988387382
0.0277228932558885
0.501013046004843
0.795085362627826
0.403746311872338
0.709870337319778
0.736288002222294
0.0213963513137461
0.109477375501871
0.378231051631853
0.653303538564425
0.0815075917654767
0.40528180518146
0.0934632382033007
0.671079347874801
0.765642679105791
0.436229324260983
0.316013665623439
0.4647114934919
0.764923937024444
0.834528888322992
0.603450784573622
0.679077510213983
0.272616208023598
0.517941406339887
0.486361289537277
0.405830111555048
0.461331973030273
0.676474822066549
0.51991020267779
0.301566808113492
0.303353302810582
0.546362565079179
0.618512844372832
0.593114388176094
0.309988636339725
0.727903840440261
0.093291282780234
0.478669740969133
0.205072562579713
0.664579086963115
0.271653127763569
0.0677789682787123
0.521660078021575
0.444214575786419
0.643957102672753
0.664984607042862
0.698195958925307
0.562684164439713
0.0137499078964452
0.787690647274509
0.75799161817799
0.225643130790535
0.550904981570668
0.665799521603901
0.742640193893075
0.568948318494786
0.267710565501702
0.289880384331112
0.586979945152758
0.0453050790610601
0.637476516681999
0.177610100271257
0.801422400324792
0.549522444526026
0.426069667708235
0.636240436363252
0.470422712663143
0.311609719444688
0.340576274131271
0.622841636543312
0.100535890231396
0.105081722061054
0.435017174989039
0.434263597499856
0.010841457413902
0.423817225115933
0.0851084513733812
0.419013585630601
0.0779842344819483
0.454099278852543
0.114919546404347
0.441671237002495
0.330731808599655
0.572842845504076
0.68496977225315
0.113360355617569
0.8117314926004
0.915582619504038
0.102205207251556
0.24349760843422
0.132965703918997
0.453714975300466
0.560059826776657
0.407861807086068
0.612743889640063
0.572641836927373
0.129809096529228
0.573982883677573
0.81878630536275
0.28239269038213
0.667469658499925
0.0834803788316137
0.187721781206678
0.736487209084552
0.481139677472076
0.258773429382435
0.545424774346404
0.0903178628497255
0.3701591120004
0.217446396314803
0.133980153257229
0.572232116704808
0.662090635308747
0.175116554087438
0.0725302641678554
0.638982015717146
0.803808215935019
0.00405225271274621
0.487773753390961
0.527429426191257
0.696482987324897
0.491658628015575
0.578967993930632
0.589589308083557
0.647019614503205
0.801105629810547
0.450955020994342
0.041160633160416
0.583486493032608
0.756740614370028
0.627886100584379
0.404566701175505
0.48714120426167
0.516658577136987
0.329094261363531
0.528499994195203
0.369196513403618
0.293340377228248
0.692717299065678
0.0379384484148511
0.102207478039694
0.534248174473847
0.291554210318987
0.639187430874864
0.779621527341267
0.818582854005036
0.202155689271062
0.805353334741147
0.396203988370977
0.532357638549773
0.745759555817683
0.539382194789941
0.162195504878505
0.825169457356088
0.5737796031354
0.533161203214601
0.178564867684098
0.742118399089367
0.123638209613294
0.541319940243156
0.901456410268961
0.681412248225119
0.571257686710133
0.71231587593467
0.689819423803851
0.490100459698383
0.357538280753436
0.775513156906399
0.0686146161912768
0.261163192934998
0.048335160467866
0.814946608195451
0.453887376287301
0.579448326126042
0.29922116009306
0.807913685462189
0.50623461049867
0.826549260758698
0.444398528538394
0.642199923581529
0.105711026861349
0.663479336855588
0.528081118371851
0.87851451287067
0.573876630131806
0.70686050949875
0.147622901848414
0.449189354846216
0.720108581404874
0.556556527633073
0.781679086033251
0.669889802768453
0.560330580937376
0.0833119876100519
0.671250832544198
0.373829723959466
0.136763275583147
0.627876097368291
0.406277375916219
0.891918749203843
0.377868463002887
0.590067510406803
0.661520872138578
0.715285311782214
0.174347961225795
0.534609664233507
0.220887331546201
0.390982641565081
0.308214220524535
0.581902370426498
0.477558142274257
0.621962026373337
0.224708427385593
0.560559958633038
0.56019533191371
0.55444583317391
0.670191192492694
0.881325482243573
0.161340287836312
0.455680578102454
0.22442983048182
0.861640157659668
0.225664489358931
0.0365051997137018
0.546033289913993
0.025797752156555
0.826590434007017
0.697121031293008
0.124000066292116
0.433904003956436
0.35312672262135
0.730044237108272
0.591803829666426
0.305743080469231
0.825847600173225
0.652117469500555
0.633840837128846
0.242494444756781
0.576956814229081
0.753546453929609
0.073225286359669
0.305253549123986
0.250633383871281
0.639348398930656
0.212639035447483
0.750711140898442
0.599274101124408
0.699515421223611
0.769737442772516
0.755998315350391
0.524897927986905
0.600180751503385
0.0699970260516605
0.387961117978387
0.642782442340019
0.500769832149553
0.316161146515596
0.521672113574448
0.691596194937921
0.689595671845174
0.506794241458604
0.384652952000612
0.848860880620108
0.259638988568805
0.658813417835415
0.480849963102849
0.600624215531026
0.515938190448924
0.711718948135271
0.625986866994844
0.667453420488847
0.0951907104615708
0.0549824278542402
0.620251299686191
0.660924888587968
0.345256989828916
0.523594797220746
0.32073079934799
0.521260205347792
0.103451269451451
0.747281275533363
0.369126913334952
0.857916504468547
0.669290845008978
0.118375672233563
0.310675056724285
0.631054894076209
0.595358359212096
0.252882994211459
0.0226372326899508
0.68558685429517
0.360929089849748
0.315837839584514
0.621504200901378
0.372230484886464
0.73782935862168
0.403089433333348
0.701532006285423
0.407681076547269
0.921480659913699
0.259602778720077
0.548274149648944
0.754370057568067
0.395524737272369
0.363009397859272
0.642586441643453
0.681372636855337
0.503531508550034
0.781109744636423
0.667183186434366
0.741586097700563
0.622188536789423
0.506645244933043
0.814944417002817
0.783793129584346
0.237187479356697
0.795396637892476
0.507601891130783
0.0623247010609709
0.568613416708563
0.455542022780702
0.862839117132716
0.108039700357641
0.187893365416418
0.13707298067447
0.487304794885874
0.297964253007167
0.497840986349495
0.0618317962445541
0.0866340211601253
0.576476757518039
0.550584006222835
0.431378190654782
0.502133607256426
0.533267639036919
0.193523106376398
0.144207197764087
0.0616609612574963
0.246581009733864
0.49724925808857
0.625335854507615
0.815591412938186
0.885900547227635
0.331844245732329
0.706715549864599
0.74423465767046
0.655057265217879
0.520587286203384
0.340296433028744
0.597361351699126
0.748358046421056
0.379967210120362
0.57665235643461
0.421625014324308
0.664975607573577
0.427700414824382
0.676465626843037
0.793044872254867
0.136107460752563
0.16576634441678
0.603468727252187
0.660049159692931
0.559786967607005
0.614496240242443
0.768757160837753
0.696653327852465
0.140838572002242
0.777159917139198
0.605373561481202
0.789768816947462
0.520980540321155
0.916887202792973
0.255724116573905
0.620111053932992
0.617675230491617
0.225442032673562
0.709082592698836
0.312911913180496
0.748714300585604
0.523221357874554
0.474112487463317
0.208998058182511
0.385195007933047
0.0545998398761989
0.236012508364898
0.820210737358109
0.802423931891733
0.233685744299611
0.560607667295882
0.50405930565432
0.823586374869019
0.600536082495758
0.591908845968398
0.790393283503409
0.638922640532318
0.348747484224041
0.751807780457096
0.203673893561132
0.218913435319033
0.850490614439492
0.768532663225663
0.757014927562624
0.363059318718408
0.370288572417956
0.230819705069959
0.761023791306274
0.269423860095687
0.789343480485783
0.319809860294704
0.563568738727865
0.469099885121506
0.610797489216627
0.584003454582082
0.275201841023595
0.756026482175586
0.454128854969724
0.696413690442819
0.714631930942742
0.836108022609817
0.310055813930371
0.160323328910821
0.739244925792657
0.59058765998469
0.611663435338119
0.407474638616587
0.365960082871695
0.380308833595742
0.290571198035988
0.870317211573149
0.387043154930746
0.317065311468935
0.242583622851616
0.4805890240049
0.592757260566922
0.0860884045923498
0.619484285922718
0.650706577723048
0.0250574514373104
0.764248361811462
0.536204349958474
0.629985135230462
0.0465901044736986
0.799898961942876
0.603141551132805
0.514093509410007
0.208791393153613
0.102144946488834
0.331173433888433
0.486262807402801
0.651946067043393
0.643315664034792
0.450391010717764
0.577758425800674
0.468622784908292
0.351089171282831
0.0547538195729616
0.574437458760631
0.310722468025728
0.475059441856356
0.493737356523189
0.595299991839429
0.740091182320275
0.127175697060782
0.730705275054582
0.60029084562385
0.165763025429719
0.196086286578204
0.37262452394442
0.439945556305505
0.28063773901644
0.740686691377041
0.752842465538468
0.724310607896057
0.473333967501362
0.738309704503412
0.827415579587401
0.279113151624057
0.576269177948452
0.618238250646358
0.0330886914974192
0.383164963939486
0.332088840580409
0.479137471450564
0.0561393614921618
0.472133367483663
0.608748149265055
0.400520212486589
0.074124000189813
0.227977827600978
0.724606704273577
0.358436814075998
0.418830210069102
0.418131964021024
0.719467119886676
0.864328569334877
0.469602457576913
0.645866716842885
0.758443762419965
0.603416748411845
0.589922752969571
0.55878280055862
0.220292112888269
0.75563281872987
0.485994816392681
0.214339448932844
0.204931208926115
0.260230392072096
0.525153728380634
0.429554687035898
0.562403658974995
0.70681336276613
0.582643936517424
0.347130861225695
0.63359300266042
0.545329022217795
0.310072046430231
0.0443791919811803
0.577659957089587
0.0803416366680487
0.0550476825905206
0.297029561229977
0.495041344212492
0.583044753627495
0.748246016208129
0.56222841998834
0.530513883708886
0.214174521371227
0.21278780717967
0.175392327216391
0.261354114344731
0.501073513406273
0.0831947197050542
0.115151950150906
0.316576487205492
0.64624804130815
0.253417024486555
0.525089761529992
0.311044996629282
0.299678299856341
0.654251881536985
0.407300365426092
0.548698039924609
0.285095927819916
0.6690860724294
0.67906293431986
0.495963670239645
0.713176365765522
0.203931012561471
0.288805868500983
0.607745271047259
0.399136163672219
0.439784708208663
0.51827136435936
0.693050997426192
0.761001160204216
0.756035251742821
0.170784204626397
0.625246045756626
0.27910468501751
0.606402176235797
0.588489386710119
0.635162037990118
0.620168228846679
0.857910162614721
0.686806060806399
0.440794220876964
0.626107227417689
0.527998195640855
0.775457506789575
0.562949407669808
0.845850611545275
0.373889558947077
0.271260001247548
0.133483862849126
0.0977722692215549
0.217252318836344
0.644903015909112
0.417294105494737
0.172759117881414
0.357757767804281
0.65635687688726
0.439718630073446
0.717116084913362
0.612223427483382
0.570061997655198
0.739513983878562
0.568437610105156
0.276575490303454
0.644045339979106
0.27282164274787
0.593478990487389
0.15650523585467
0.740384049548353
0.75291722483521
0.231948933464193
0.788304764943378
0.220117133888626
0.260146393097516
0.903437547751311
0.715633263304456
0.158230787976256
0.514981198850564
0.425392077528239
0.203580012302773
0.750864555595563
0.385853599716951
0.13534494803984
0.747420659761273
0.681914489231859
0.83972404661014
0.430949013369107
0.515851167274966
0.603482858029943
0.280302675668846
0.193698693285325
0.574928220147115
0.536642515502913
0.0665858581714709
0.403948794090712
0.7124726516811
0.467351104494102
0.730551070577647
0.599347132735444
0.256280089541644
0.572460131020131
0.106735554503033
0.0885755345175717
0.438466884235798
0.761865197316785
0.795378567420714
0.101736819354321
0.298289935760243
0.545176893662965
0.44362809907039
0.555401823687092
0.31982365418089
0.435576401919188
0.610114453200968
0.373787291853414
0.355303275510962
0.646410971340743
0.483732403508884
0.362670182078519
0.365512743633083
0.71584814341932
0.557682230815904
0.419114934945688
0.544309385885134
0.160278088382841
0.696466440407589
0.722987094084462
0.787482007507542
0.0937013163625119
0.0553356077503166
0.563594482206944
0.043092865311816
0.842227107287402
0.083038705271443
0.437154188353619
0.732747507115823
0.685356253151381
0.636652547728372
0.758125060679078
0.18880012324017
0.113605824446001
0.65249076453272
0.170910715750288
0.642362413410151
0.387683660588393
0.0599092609814086
0.0185602452335605
0.233172165846481
0.505411041545343
0.295848726717504
0.623535400645579
0.934448849913567
0.643360821232274
0.2418807631667
0.101093941019068
0.426786661703242
0.893024717723142
0.519888946202062
0.750036493803819
0.444658018623749
0.579409422280416
0.85987016900531
0.518276282477414
0.855143451892826
0.323073687104488
0.705381988006752
0.711057119668127
0.533899741976559
0.509886997247554
0.500148252556462
0.493096545132405
0.57189899328581
0.454591988651958
0.458803152318111
0.598494359254825
0.225775806029461
0.199280365506166
0.718083100725923
0.495929736647575
0.212922127992152
0.650846576641934
0.0375926264648734
0.0256688936247947
0.60513565133118
0.22597394276004
0.386685766789323
0.120177544377194
0.60454131121375
0.721050576102
0.242985041249628
0.639376758261286
0.473980700443838
0.716470985977313
0.668559851515433
0.824635886557064
0.260523348225875
0.406246629485404
0.582410949065257
0.649330213739149
0.33018200441072
0.181353172319199
0.251224391629834
0.119763774190266
0.682551389416109
0.33642820598894
0.394797915531662
0.587125081220133
0.507379650363151
0.680935642958349
0.112380317571728
0.349867311528092
0.833851659238055
0.404576682497855
0.702368698603483
0.481729336611608
0.870125436811054
0.620488708739594
0.651418687895422
0.79411939940977
0.435681293029709
0.434034776545013
0.352103595025011
0.587454359610285
0.551870327297832
0.627732117946354
0.226441067243226
0.780308771607098
0.531117889949091
0.565434320039798
0.409466875163476
0.744487403793296
0.570350902033688
0.4248415537413
0.121694686333916
0.585494387183614
0.133171720495468
0.640803965492996
0.562065970853382
0.824616237779225
0.731583609661727
0.562307683473799
0.359184869047331
0.225852649851664
0.448850308764409
0.575995826248508
0.856525599489584
0.0372614033828578
0.27251646115611
0.596676402221121
0.744422299321229
0.756521302675568
0.559958028226394
0.454666193449322
0.387497384870765
0.703437980164978
0.386023721749216
0.043491957196607
0.393094286712692
0.618807728287394
0.657797970879938
0.0257498153901568
0.867742045106657
0.631150874736186
0.117767610272288
0.864345990314417
0.683332396742347
0.0759484159505942
0.441372129734125
0.765634559611183
0.877700925927376
0.617879563796017
0.108662789105124
0.477818595178708
0.314852554917627
0.335205782405581
0.767543843746757
0.217988467675674
0.476477342345508
0.252051012496489
0.299786802902686
0.72235505952009
0.0725940332513554
0.348853546630744
0.180380097970154
0.282992673513694
0.687566598952378
0.602853846691936
0.768185208848865
0.441027737756893
0.601578060660012
0.0556748705328338
0.500148203715996
0.547574953238932
0.223473174841897
0.527451779050373
0.194092890086939
0.553679059840625
0.47813553384068
0.0598425681288117
0.596065715118967
0.5491450611906
0.491926319613815
0.481274439719148
0.792106102823932
0.577718776436576
0.357246774569357
0.0264629715782228
0.0781692921368147
0.539454544176467
0.241066359632008
0.62236694185302
0.483046071337301
0.666882993399327
0.575763405218511
0.423586932252956
0.612291037042049
0.381022143755918
0.244150412264352
0.788755231547323
0.243431999687667
0.719996469505554
0.778936563692881
0.395581288131625
0.0405767528785352
0.884786324015883
0.432945365097654
0.548593252752995
0.794577664298058
0.234630717312427
0.073890875258011
0.352610906603545
0.115244672212
0.231663411242596
0.914281197016728
0.541719255630399
0.81484522955122
0.789875173565391
0.34110070632663
0.0315431662376676
0.51088783048979
0.680087458444063
0.711271722775153
0.18394655211634
0.478389020916274
0.735743034692327
0.14602525190703
0.203888106749794
0.554865297331182
0.552402726445834
0.804867856005858
0.335339585080716
0.411811543318765
0.28550807221602
0.106803377616
0.189633669217974
0.514384143161713
0.571142554073359
0.536753162264862
0.0417363519614533
0.575429800693418
0.0713747057968607
0.462666254807251
0.526072598261568
0.102508513140899
0.0379117360129893
0.382756142638565
0.504608189476929
0.763089252846425
0.440611851049842
0.210171087066771
0.567209489297517
0.518940575808748
0.438183962391909
0.0213945484882415
0.58264344000941
0.762334234458591
0.0598714305614546
0.361109007197635
0.149854752270525
0.825512948349467
0.616703709541263
0.48743921357019
0.301276613072141
0.107894528287922
0.290768025134563
0.681107930121654
0.193875793636382
0.351418227055761
0.483666994326189
0.842067415845605
0.176463537477466
0.647051440215235
0.409933554413383
0.567055680072108
0.664419537980093
0.572733453227483
0.658488230844652
0.647789288944656
0.439011506972739
0.444877505061899
0.727852940801917
0.235817826863435
0.579386802132951
0.512314366762389
0.403365764931713
0.584945705490444
0.0281411656126548
0.505694579780976
0.199673152038248
0.286309128664408
0.253486516643831
0.319448922094206
0.177352025348773
0.0712162094143545
0.425684120596412
0.0817015123863548
0.574704866660589
0.113646158868879
0.462673033106264
0.623381538453561
0.0702487431798995
0.316246513409673
0.61674677614561
0.638007352035579
0.719241321550105
0.715864634125082
0.799520007514442
0.63681303724256
0.420968191631071
0.401892492556566
0.647179727168528
0.0421639872338637
0.758841291757529
0.271148740911182
0.468719327520081
0.0142240145675864
0.364752765628403
0.422347688608729
0.433053396116684
0.438797321385427
0.740520694218152
0.710885443734771
0.314150217335787
0.501303025722743
0.343357498118408
0.80316020552198
0.779676527283554
0.161492096158184
0.0332228606927425
0.802011001099473
0.541159600211944
0.224959013859918
0.510788529703011
0.228088650355538
0.21661081288823
0.431922995410405
0.00613746874359955
0.0694173434970348
0.558533936834728
0.510562964995747
0.301636505471809
0.782245451996048
0.336033166558747
0.181265689347873
0.603403305283102
0.390941353304703
0.374826403469045
0.549376971705196
0.857481471838566
0.160228561624721
0.583496580505991
0.134487976588386
0.67278422147496
0.92770622164824
0.411253035581755
0.802777259896806
0.557452962600235
0.271918052232142
0.814294660145162
0.406751033940237
0.369866670494941
0.641251174220889
0.134364468635909
0.273915968064069
0.649106620169804
0.580700313812759
0.78882785611823
0.574028594914714
0.642996037788866
0.285515969247537
0.132888197546485
0.372990206237327
0.822651879304224
0.467965229656535
0.372213738661518
0.363692158978248
0.564365926868434
0.718489552708345
0.502872337000774
0.292827734661
0.481211921987763
0.528658760709989
0.0814701594760751
0.777448921588036
0.481084587779173
0.347544158701949
0.598425628491085
0.0682154557872893
0.768917905798552
0.308829877168586
0.218000266499334
0.516304193797362
0.474900867069792
0.346708305867729
0.334808436925921
0.686589308996968
0.189937264191732
0.405454252419279
0.111105817240965
0.200717754184422
0.0989428054112258
0.60706206983694
0.30542151392167
0.357419004324691
0.279729315927024
0.777692941294802
0.722879973589441
0.351541784595515
0.547226676386877
0.757673443394187
0.0246839954095165
0.828355900717891
0.574650801144015
0.150482911930216
0.683471003026727
0.447892880546128
0.774206904555255
0.171610983727195
0.492062631836469
0.350836747304167
0.53977426188856
0.514006352067137
0.128112137579855
0.585499544663916
0.179268361924283
0.893944577648543
0.396529328292986
0.477182956758242
0.055452194686073
0.459242669222398
0.0433542283776744
0.651952718375379
0.831887088709167
0.173622646156502
0.626548417204663
0.234068860155456
0.0823458792508927
0.100961806719186
0.830157761337495
0.575651587755621
0.376817665117498
0.577524608794631
0.541312373588613
0.604298454532959
0.0710915891269951
0.0505338097505424
0.665675575912783
0.806026047939021
0.0680546387456403
0.0608318961269015
0.0684687686558547
0.668770971210495
0.0762671906545052
0.670276465286563
0.781008317067632
0.797351754249989
0.589041054717627
0.545173455102026
0.581900503138178
0.605478522510558
0.354739772135094
0.394557766886054
0.498790909121357
0.73180239938009
0.695050434116921
0.530199938087212
0.629670948185732
0.584668291977138
0.637172645087527
0.542208594566289
0.116378556915561
0.336379498815314
0.769843787990777
0.850480597431064
0.751834961980108
0.0111646977768901
0.451616514523694
0.618695187484519
0.667470715662478
0.71762997848155
0.289692498803657
0.814922982467243
0.533969834185537
0.381735677509913
0.551570022186472
0.60536377205219
0.359828135162437
0.186571670302842
0.700370163588933
0.349902181952391
0.679926549280986
0.558861047695196
0.0118382552955444
0.792904129255254
0.742998613776837
0.410961325508616
0.129058376691994
0.700464068749863
0.176141158310285
0.229012597086425
0.0356433583578492
0.492261884812625
0.548750044239563
0.591575372255195
0.667629709139032
0.404578741169137
0.0347078000792822
0.629817262867886
0.55141740307497
0.182986287548552
0.653729755039648
0.799753059566008
0.0520652496287753
0.520842561473775
0.113611859563429
0.184620450511179
0.494073265846638
0.599723930157211
0.433584477045743
0.481011564429642
0.377495994110062
0.161107419383125
0.612998790155241
0.475526940564199
0.178557610981534
0.753664304050596
0.230429338609413
0.474960811501368
0.756275380272267
0.585412308755653
0.726390880221265
0.691566099126602
0.819245302039478
0.459911219306931
0.417567916070297
0.333331625730158
0.116623563180601
0.309374720628248
0.329434672352527
0.781349351172648
0.510295645896475
0.66232129787148
0.0269303668390385
0.538912571527849
0.803055763060376
0.660107180342485
0.276629907837656
0.6483442092784
0.625410108246334
0.749341979512326
0.512152358259251
0.19982101858493
0.679237146289744
0.226256199424998
0.557294472761467
0.0269918066148144
0.703763081217406
0.604233533365511
0.389570201005041
0.833977968412129
0.234227483454684
0.763542157067993
0.522007158578056
0.782197623475089
0.796151314798652
0.212752946139683
0.638378780646188
0.521141559436165
0.60775167877832
0.738200086009535
0.268430423963193
0.523954000663717
0.800873729286365
0.713197017612704
0.675359409852834
0.263403974320587
0.797534777158821
0.279530163529578
0.558876473858199
0.428998928583299
0.643206357852893
0.64064490384054
0.756538751199033
0.468174208277401
0.594086589354256
0.255838074972438
0.678446458326597
0.325839268492403
0.156542554527975
0.707240618333723
0.24407885275818
0.628354571498555
0.443225892961709
0.171385130539129
0.79288367452909
0.76197954759552
0.134257596890426
0.744577624624241
0.442441359482831
0.388630435270401
0.0626291996898099
0.468027814326719
0.836290401912759
0.191626123468851
0.0871407057047518
0.173514143538791
0.497254770146209
0.686366861604297
0.526463713034882
0.186285892553596
0.737022900468292
0.643613512243113
0.210360536119507
0.559849003725391
0.778459473526597
0.113911975840896
0.0851708824514313
0.520473037129647
0.668515403098318
0.33600501488943
0.676543897556721
0.641212523898936
0.0589835892825866
0.485306018694392
0.372660095930379
0.489569332278399
0.205657022350817
0.383584280985927
0.222333138958687
0.0631387165019579
0.271132232766476
0.586204624153885
0.38022044476939
0.690288698560619
0.665492747242371
0.467220807645505
0.0465639210081752
0.199792681212533
0.333668836988825
0.62656437630835
0.526200856604472
0.549178929229916
0.450884145213721
0.244827278038391
0.171122001775614
0.334248981843598
0.68084214960962
0.523933477449319
0.790915500828834
0.561205421665268
0.198042742726968
0.830199887148321
0.587316375525196
0.0643254833341973
0.728207038203179
0.546431159270638
0.243453675030358
0.480165515661682
0.435570634749342
0.740964697265862
0.834903212291407
0.649892068773469
0.746541867222035
0.459709993825575
0.54175124132316
0.675510904946886
0.48134043156401
0.241162316069477
0.0935932716750866
0.187157862668033
0.746935946187519
0.240024370602081
0.291110612959246
0.687112900880746
0.735888165329811
0.495405970939068
0.139216253148147
0.605807395841417
0.373960069507982
0.148243706020788
0.793570510086156
0.485714683772715
0.85035271428868
0.747743054453774
0.564666870387337
0.210680044500184
0.548408368741695
0.0864543386255151
0.635954439924963
0.553224686347406
0.454084171186973
0.3322981896766
0.453656271431846
0.784033126732137
0.651359522911854
0.855894809303828
0.394585707150067
0.72637562926447
0.66119394089262
0.220553583293554
0.391649420696184
0.359327753811714
0.17336166656486
0.621690715210001
0.572589298520727
0.522518742522813
0.499235385453062
0.337498890348321
0.387041087486349
0.316415026168706
0.305053732778807
0.294430015702577
0.605660570735573
0.702064472642463
0.478016407814626
0.701913273840515
0.732150965254297
0.657512313641953
0.16755856980553
0.588589937248209
0.526459008625272
0.661779159738569
0.763362546102534
0.680805047597247
0.856389125934041
0.119049573083092
0.271254963170804
0.336540845439855
0.0482779564871747
0.0280972879053483
0.480935511055954
0.406296930441051
0.115822996128747
0.438444000252852
0.38659642072888
0.32020719389543
0.670547264907562
0.223681320831301
0.0048479482116076
0.0891858583236329
0.297502892408475
0.463145753907085
0.811416302459335
0.345434659409495
0.33004928630505
0.660839851911894
0.45220250265649
0.287327427365943
0.336581123582695
0.0851889149438241
0.622403671576464
0.627297434070259
0.198420784534144
0.638485560624954
0.773148541819445
0.498159352200202
0.798469529296091
0.625914190726508
0.358621177021962
0.109569590312573
0.236084343576118
0.601459434254105
0.142874792044777
0.755968043720679
0.79738800260168
0.381910749245118
0.707200207168521
0.559197171095727
0.129714919745781
0.42626922354569
0.135737485767144
0.562079472792975
0.578566050938594
0.284289063843027
0.571808857795453
0.553337782445726
0.659732789715404
0.602009708598522
0.0850742267397097
0.594372227946604
0.490559203342622
0.801099824542728
0.878352060055535
0.783724838203497
0.527934478901437
0.286141369475405
0.503354372577805
0.281808039973714
0.21008993099344
0.136009620583112
0.254693142780773
0.624044122246036
0.294369034646385
0.416450253766097
0.785005793304315
0.293071293886598
0.0954046034092618
0.146102619624222
0.343884925030787
0.592490404785185
0.665522768584407
0.525104486807476
0.269294424988803
0.670186831627011
0.674846190656793
0.513568014480059
0.790914741299103
0.554161104426244
0.472456442260918
0.312175676798223
0.73852069836401
0.508187916942039
0.307202918370546
0.0330879331392725
0.0764228382077783
0.747346655316867
0.539503952608486
0.412552931175937
0.17864299981069
0.153932424403035
0.639310110708307
0.828424773142243
0.107732292103673
0.66616864605381
0.758993878792768
0.479441549215155
0.0412047930691119
0.274635227393579
0.66375546365734
0.653568171590709
0.629430677622185
0.674713732625236
0.330031956511457
0.288289697551141
0.273214696475589
0.450208044466995
0.873615143711377
0.496862438973396
0.484880595449953
0.79873715003009
0.229419996201781
0.5318835693148
0.409676167992631
0.272028813434882
0.514426155868448
0.235152287974327
0.643009524195888
0.639757157473356
0.0268500347495824
0.771513698381047
0.718388631644636
0.546352526908983
0.136057532144654
0.299287425224077
0.503625441715965
0.705952074452542
0.413215407016998
0.495463487938251
0.437553450738573
0.667073723029479
0.370002247776036
0.289033535595447
0.38362431487068
0.0942395758571862
0.636484798051807
0.768821423350609
0.546061136560792
0.383550001583715
0.448591390545253
0.878839198281504
0.239800660118359
0.713209441865434
0.191836515141868
0.557453212589035
0.323865584407203
0.368673202852033
0.843764892950272
0.350186968297038
0.15849375001276
0.638293762304832
0.682385918265412
0.726783060861116
0.759291269321553
0.529710337499074
0.698009893195936
0.801029219428651
0.605808304900886
0.388879715379694
0.479716051800348
0.745938179264388
0.551628775920867
0.0669969442953664
0.540148684666706
0.546859074794858
0.477133480607005
0.660812997673103
0.411150348702743
0.25587245202497
0.687443779050544
0.718128464456231
0.333914938054946
0.712229775530324
0.626328136067806
0.464869210937599
0.50475224068012
0.795140325345893
0.884419196555712
0.617394960819104
0.65327914293086
0.566294065695755
0.493021309785806
0.405675423903362
0.571308423506497
0.832153610013645
0.0795067865429177
0.145298960408049
0.586602924062095
0.628864076355156
0.491669291594902
0.191823918004887
0.351029623171786
0.481947797395061
0.214581956883535
0.576749119461233
0.290749387695964
0.383920242873225
0.64489723600383
0.0609360794031059
0.353158768654261
0.633205909571802
0.486130418676066
0.0986954136455388
0.330286765388349
0.745227125346917
0.335361034697482
0.128165621295942
0.393128177971733
0.447461675149126
0.277363247274592
0.403177281703452
0.459461418857816
0.447481316683484
0.0882592175229605
0.784362832397842
0.431669508351483
0.605991191358693
0.112299038495621
0.58992304479204
0.0924932176533494
0.304879144900153
0.665509288789492
0.135913351447528
0.51902950583558
0.584055570017083
0.530203557043258
0.200428495586468
0.696659072535014
0.117220968945305
0.661468362087353
0.523356608092076
0.354155848366647
0.0197005179632791
0.15257353173746
0.787171070529889
0.726515465525619
0.649658303436377
0.467523695081356
0.677022232630514
0.644516715495782
0.66044825340621
0.755249374175328
0.545122608807293
0.681206495189376
0.0686717795932607
0.78488228322809
0.0397958505366664
0.61542324052413
0.762301676724847
0.66501716403031
0.17701218496301
0.838196473799083
0.146102870249567
0.814783708642671
0.671356661344434
0.285956583181946
0.666012096534173
0.291551625502764
0.513957975297745
0.0976945965769182
0.595472585434297
0.233848500578804
0.331791196951295
0.0666891497523757
0.258150086686676
0.0769180802766886
0.385255360010322
0.804018105318195
0.419161563209225
0.533450187367539
0.496891377777011
0.458067584071293
0.730759591205417
0.661494980564632
0.363429128438673
0.389870620969954
0.162008627838568
0.586996406752855
0.545382754972017
0.396173498107077
0.196654227358469
0.467745569032702
0.449912036071016
0.618711318967321
0.469314783869706
0.793661860293223
0.428486003610597
0.30264605805821
0.391870895097727
0.168101114916397
0.696180531101456
0.642382902661369
0.138602413478697
0.500287610559831
0.803384123051958
0.282806125151143
0.778443419661407
0.783012389692125
0.467046753167008
0.209260021207874
0.559591250207118
0.240762611782506
0.558098763252752
0.620611375679778
0.109487873682179
0.245272504687824
0.333839579249857
0.320025803820145
0.744420382630123
0.546542192132872
0.554628914909504
0.612187823095285
0.441441761283544
0.666271779320174
0.312841030331395
0.463333606188906
0.756345517907776
0.522064667901508
0.854640021611096
0.130919336499274
0.179793173518754
0.314564379036178
0.480315740181738
0.755475350476625
0.320622951408962
0.543420521012558
0.379357291908178
0.642454218727319
0.135688672721159
0.381769176938551
0.366362788975626
0.440292332140523
0.480030010118276
0.531932291202356
0.0881134170231818
0.57959763818732
0.845916278252487
0.218731888451631
0.29195157668962
0.677553225004184
0.339147947364309
0.686491363070104
0.462123171147489
0.0209974433383264
0.424899729134091
0.207727730769617
0.37083860548915
0.364741020333024
0.140436225796878
0.712079008377342
0.429817537286171
0.682573158754082
0.748314457729042
0.177029301556161
0.573786648242958
0.16260661182653
0.378983088552234
0.830192320909297
0.57133281082015
0.621757963651512
0.219013078649532
0.39481627993292
0.571139700250111
0.419801301430086
0.743310409067876
0.782732147446527
0.629475962322087
0.0649398337155647
0.324917313980841
0.358555454567135
0.537090539309544
0.680322793999093
0.262220459802736
0.597680452570127
0.759185862998237
0.553445061052078
0.630148947407473
0.466105330416982
0.215750369549528
0.503910845368314
0.412880935708306
0.347777990383196
0.730296717552218
0.653712308300412
0.575998628468144
0.61116803949024
0.0374941996625716
0.481274352953361
0.664977276531643
0.282095096199699
0.460109725554199
0.259061123806863
0.496395965981709
0.637723779991567
0.634679471342576
0.649495694120518
0.2634542540503
0.282113735860641
0.0867402768804081
0.368059709936425
0.386111562911125
0.466443631248363
0.322770602018052
0.39742254926669
0.0495515210660306
0.793670899103421
0.421496184427555
0.293519214599365
0.585429361808143
0.593113543253717
0.341724046536855
0.309949525963462
0.198084638338464
0.56927580614845
0.232326213051235
0.848917065407887
0.217092280059155
0.656211454758481
0.1657010376983
0.761612723214944
0.509343766240827
0.348410265179081
0.452745404828296
0.571383414516798
0.6087016982787
0.559733767729213
0.79315989482227
0.505839415456904
0.726314270454481
0.712885794941948
0.820625542218906
0.0424151179170285
0.413315270528001
0.519060399820446
0.362967416514489
0.518602378429509
0.452535354256264
0.676258460899364
0.408166164025246
0.0866710262389611
0.682323309723611
0.53713349988163
0.507059867256792
0.672169539501682
0.449499981052673
0.707091878242192
0.514760661847784
0.291536504549943
0.143260457767299
0.634503950697845
0.0785117721137593
0.548692236087905
0.529048701453712
0.375852335795074
0.576628059227039
0.568804617489313
0.297818154802235
0.583073789579359
0.132916173737139
0.109716794917307
0.484512680562913
0.667936597143738
0.575203892226801
0.731023002128487
0.0461777403006273
0.653147885638186
0.660862944291392
0.121991683428566
0.493802313481782
0.558701408091851
0.652006026105768
0.611348480110068
0.223335764534844
0.240494986736636
0.607406345489658
0.656405290844144
0.282613957913015
0.447546334138038
0.653326527972313
0.601701309858112
0.782204849354465
0.559605133688253
0.138080241188099
0.480001277441857
0.584243095906205
0.25962997865556
0.510994052264995
0.589690911750406
0.480903387278836
0.304133312185427
0.270077181148996
0.489367180491077
0.761656070735449
0.734029846980728
0.656848642792355
0.398167707478715
0.600896545148745
0.546183347285644
0.867097188835769
0.396291647430421
0.297817543380431
0.216794336090228
0.46195340011455
0.498317196762061
0.593057933868035
0.217111085072061
0.640343522151765
0.061612304003922
0.162396967197501
0.600929564987914
0.327139407852689
0.425341073869229
0.597523730663998
0.475293287665196
0.711335434937005
0.280114043218169
0.601432904390358
0.722206167553037
0.484485352353479
0.556212258014532
0.753151411859839
0.770848201981746
0.64739780743285
0.0913651642420999
0.13981270673176
0.311489293139972
0.428563474046724
0.422726069270323
0.0135141387364668
0.405972340124234
0.00625089528993458
0.677375801623909
0.488581931580553
0.424990941686222
0.370232865644817
0.620313561279629
0.266343079948827
0.095276593651698
0.190071062191837
0.75649923499908
0.406394695710179
0.410982685476291
0.689503647577575
0.311432204618444
0.814842668055401
0.739354620428123
0.24077973630271
0.170482108191737
0.470613734743272
0.396961067979441
0.520262803035106
0.714687875022206
0.883624449366931
0.740628336325466
0.844791317676134
0.285786898971596
0.413714010790179
0.377824340398628
0.066720540234703
0.273921150338763
0.301834266693964
0.139538805862417
0.552765738950733
0.12625726043225
0.374405846917953
0.788625973146255
0.695606051168673
0.767118198439892
0.442231749270608
0.0119940284865023
0.377392266139336
0.440141529941179
0.674614991428883
0.406491764247477
0.594525646318977
0.349986888592043
0.799105578902792
0.390425049944019
0.760268075796206
0.587255317567442
0.89830126649076
0.741920560085088
0.649820008878961
0.348652628142017
0.0319308433713652
0.0697501091967338
0.555813377405448
0.570796380336601
0.0066666144948316
0.684220734089455
0.752825624344071
0.567248286907968
0.371317903167668
0.540098790463479
0.783557293881593
0.192980287795366
0.478739314455711
0.757118435758317
0.0593339093815992
0.576001631796326
0.506046894763035
0.735624586182139
0.163938155992397
0.465493821766046
0.584800089530066
0.912475014503966
0.291426924818504
0.163135060190829
0.631900496972353
0.846407415034398
0.198790422355266
0.837877275850332
0.561581775211926
0.254261475603123
0.841007692798262
0.685511883132311
0.383452926501536
0.194977262029586
0.593993730661726
0.0974797096844126
0.157764695906364
0.105315371996661
0.356840967890359
0.267716468899036
0.487523535795888
0.338899740631284
0.458803451180243
0.581064601685571
0.569625346108242
0.167510685322248
0.793625298811447
0.456516720979047
0.683785584783259
0.584284596717713
0.149454249127045
0.438466860388084
0.597908957624035
0.583146089036416
0.394949383712946
0.909769550284354
0.245189241642566
0.0856831050058956
0.300358687189486
0.367215371639862
0.00214817985488885
0.852249507596143
0.632677255089614
0.552420057996814
0.898872149229488
0.434383502764144
0.181171412088513
0.737729644114854
0.463522994804889
0.43244543207275
0.473937808382699
0.588388796500103
0.393134450409233
0.766919158284649
0.468734236253347
0.697519966140388
0.220531817263781
0.629685846621184
0.360601349321757
0.223761496278091
0.297839919175579
0.424842126227319
0.817973831701263
0.492350654992044
0.390587751560039
0.708251548229403
0.0736574448276651
0.566824238590513
0.734146149866642
0.520163823098838
0.0123923048932665
0.480119187627706
0.441323075275784
0.477613077590566
0.16267149376812
0.502932625180356
0.0626216510753861
0.601609197738928
0.228004199255422
0.66233907291853
0.723470157401721
0.432281740633022
0.428927649289398
0.834927140149051
0.282520560697855
0.64047609985075
0.5759266351409
0.677009248463101
0.610588933543054
0.593329007999205
0.655524995174009
0.388303876348823
0.230890739933578
0.434827514237304
0.615326718994894
0.530746832403142
0.30314834274349
0.850762577893924
0.79086650334365
0.402815232288536
0.247500988541555
0.576499627428784
0.210440885900638
0.626344853954678
0.438296403701052
0.421932709504735
0.836270099026478
0.443732904323764
0.268186622926817
0.388108090848218
0.701854433576621
0.103028746531165
0.796894565716867
0.367001013876791
0.553931569877403
0.752265607540352
0.550857007928959
0.411953693467067
0.667557747062993
0.488024098074265
0.559605803596825
0.0680756091811015
0.296266735533299
0.584720997217885
0.56497753043511
0.400234391378239
0.579423916849643
0.17606294736669
0.448430515606868
0.756294585702391
0.471180867827667
0.850481742841909
0.708239133426759
0.374029726232062
0.240789316071784
0.308242539919557
0.592567961703613
0.738577105630274
0.531527611312021
0.593018248796839
0.147915235240598
0.583441078777792
0.037244839379775
0.294978165084678
0.611673181217891
0.727407573346697
0.784483563363305
0.494142582939609
0.786136413517065
0.0939849467160059
0.466149620007905
0.5031315827675
0.755115141048148
0.177767062398226
0.432656788265959
0.67894010181562
0.112326780453184
0.396841707257902
0.592975491536242
0.844148414575324
0.875893158019464
0.198080532509694
0.665653809823428
0.594517515138902
0.0014453433679765
0.60576253254585
0.306085187021497
0.131809995517615
0.738563492142052
0.5204839440667
0.207727759105808
0.487968706841743
0.580808472689919
0.670689472858794
0.933888591039137
0.168477848447148
0.522609426723816
0.639145131581952
0.128275747856087
0.446678212378168
0.312420903589878
0.061430087866954
0.454295748175015
0.596006310720543
0.13346814535112
0.573397769331166
0.62006310038086
0.551415735639549
0.383234122498494
0.692080943837468
0.838059858237962
0.612842271141077
0.328142548714166
0.587873127034944
0.790338755248554
0.840325618769477
0.685247265000506
0.781604896642324
0.44133523684868
0.548575544729399
0.34153764156957
0.321995488705703
0.625813232938804
0.617621109736698
0.604825366543529
0.0773876663775356
0.772437691153861
0.160133871761829
0.707252697240616
0.0572011140786187
0.478301227232392
0.700362765162147
0.168502694019032
0.806854867364765
0.198087412520827
0.398758903040219
0.0766801546207709
0.688440622424972
0.755134375806072
0.77470937873739
0.784444306939579
0.385479863646231
0.270992387022479
0.814610772832733
0.461178061186828
0.785929770477898
0.0340987930040079
0.219401292428081
0.637643829357513
0.310358564075959
0.334249405111063
0.0383047306114262
0.0551650287980105
0.677510864136021
0.78465544254592
0.750841720162332
0.609259283773688
0.692997085198412
0.481588056137408
0.3418668811809
0.697664325777284
0.414466748036783
0.532959230248787
0.750058038684304
0.800873860816628
0.478667830081607
0.0098482333250692
0.207681185881453
0.1377298535911
0.627693050048487
0.75041807377093
0.717960050570446
0.673451907822
0.551558787844667
0.399504831515031
0.110916692852762
0.473255734749975
0.207696167428472
0.64958186847801
0.882129102764937
0.124376217480899
0.531292515685491
0.34982158634842
0.550648292059543
0.578250308091931
0.715126955626399
0.602539853238223
0.0958733679296863
0.516304900847215
0.764818469323636
0.246347723058672
0.524078717799149
0.526868144084502
0.655199824666887
0.59542200435079
0.464735475481565
0.505174159430506
0.408197058006048
0.273468807271044
0.588895312327559
0.470567802537751
0.221487612592667
0.247248899619297
0.663469073469007
0.553368874880115
0.0768779789138038
0.538340262420664
0.734076385932716
0.168803578645205
0.714367122819494
0.243778390529973
0.715568144306827
0.503387816745327
0.86881969797925
0.643374813981316
0.670370626946181
0.678714398086684
0.518339230876322
0.56864978061762
0.628639857150256
0.154285948013007
0.150625393460862
0.893263461681195
0.21805980840459
0.662288897658295
0.220961049553012
0.391632333493975
0.152231787902004
0.285629980688304
0.659989997428163
0.191347374150289
0.631553023004533
0.077725336613708
0.759701174145802
0.83565981226336
0.0268127691406101
0.542653017933764
0.663925226630451
0.472514339940779
0.469562270792791
0.165162079920833
0.696288969265129
0.604205345048696
0.464049406701292
0.298441847469409
0.349305592785234
0.322432839904639
0.502495431780856
0.347506891513632
0.763236089054121
0.0338742579028904
0.653804741752709
0.604371044005814
0.180622068044023
0.295832616794599
0.703088609993025
0.175074642746712
0.3578176585966
0.168566139028061
0.082502610058667
0.217637491903654
0.0457243747267319
0.154275394288094
0.641672278677389
0.26237453918998
0.612227096210117
0.0602759329922321
0.247059337368652
0.671084596461421
0.74952377775602
0.0460440876031213
0.263155209977757
0.594185608869832
0.315461264475629
0.606828943626295
0.271074677740657
0.668078841772887
0.566207652170537
0.684268178900438
0.427117927352898
0.258363650990052
0.73820111604281
0.543625351850171
0.657731516764882
0.0715714098649362
0.751620229227662
0.728527404499516
0.468864609512216
0.135718627462545
0.739244229724379
0.729096487899495
0.472017211902497
0.618179418607566
0.310920187145484
0.641552936143248
0.754986334210534
0.328889141565376
0.533688113206913
0.0367829262049672
0.428078858880825
0.546263740238172
0.594013534089115
0.845315879518216
0.42520734711675
0.827030182816671
0.806450379176503
0.774313063446368
0.295419322467317
0.647276068412216
0.421101112378293
0.731620745731995
0.270874558578111
0.609701223560367
0.63924519379506
0.613754041962441
0.0546549493222721
0.551079741819585
0.723261237622762
0.736190045748938
0.321844967780169
0.644385975467496
0.695977141381236
0.024260620318861
0.176079692285887
0.708594972825348
0.588268833557529
0.328269733292695
0.157915364507626
0.206200651724412
0.491282638179463
0.316164422978552
0.574526657388467
0.684322119279894
0.702362742100164
0.836905204416973
0.782375632870694
0.55065973752115
0.571889490401032
0.195304012103934
0.66257259426369
0.481814794397058
0.594431998643751
0.885506379959228
0.589477692541844
0.493206905668771
0.583131705549132
0.649876389989884
0.165141195946407
0.5836272032232
0.037871155696671
0.35638250077639
0.219368934887118
0.635221776529886
0.180797111788933
0.775194329476929
0.20865051189718
0.568950871530148
0.50342240238707
0.0974766814365863
0.481086809268473
0.480152953614431
0.468654473186359
0.180736958808166
0.281194802565524
0.731067405930605
0.469018171313597
0.180046024472258
0.709475933281968
0.585928964327918
0.688275014130213
0.551346591524718
0.596087508844511
0.135071098029762
0.33994357223962
0.0443874121433394
0.430569458254602
0.673553656348658
0.0633928533983169
0.685536544930469
0.379580394260861
0.6996745093261
0.118542049446586
0.465834983695607
0.35092087917616
0.47393988027694
0.754532986433631
0.849747468318241
0.383492569133144
0.12230042676383
0.707297370914833
0.564854647522452
0.458014869737274
0.511770241274975
0.620277149118191
0.133203377057898
0.501811278857445
0.455046315657123
0.596756096560441
0.0754257338070978
0.561879151320272
0.494906012398716
0.258023671533365
0.290635616242751
0.500930144746481
0.130454858743266
0.672083829625329
0.757015832052227
0.540245634903403
0.434003382247177
0.19543414790733
0.630943580997989
0.179265889261563
0.626799406475292
0.14673979397525
0.623440149252722
0.570704278463589
0.26075140537839
0.460561412200784
0.58694102122082
0.691143808502172
0.100418418921411
0.0758510640105265
0.56721339445592
0.59628182393605
0.684270201961062
0.64098129732228
0.877987950348253
0.468757397589543
0.325382897895512
0.128025787217704
0.330713988204176
0.578891161061258
0.40818117219284
0.910845941250256
0.895491596504118
0.218570974087039
0.261816712858473
0.570353334026437
0.427100368116317
0.0351394961715459
0.675579921766324
0.304613200973897
0.0681933044915776
0.720338698228252
0.219572509759153
0.383231641529688
0.769501522652904
0.463907697754058
0.827802953184699
0.141974616653949
0.368467722780399
0.377845695992381
0.347830446047746
0.253512980868496
0.56121347184206
0.527842633629946
0.572164138623416
0.745900777011461
0.583097801226127
0.225496222889011
0.731584644841307
0.816419188138187
0.119218669298416
0.521153786270652
0.672636595644828
0.139900898457279
0.441569385114776
0.40046398057142
0.50639175558034
0.112927509494711
0.731866675913812
0.0119802147235374
0.610789866563996
0.33738864975559
0.418616131066507
0.258126775365775
0.34073375470143
0.648818890380477
0.853425546508132
0.414364501978796
0.735542076502389
0.141464033797523
0.415150168296108
0.532723216316294
0.452276582553223
0.517872570419226
0.249618013790902
0.537594047638861
0.12742439248929
0.488355239210915
0.693072526543932
0.771966060393132
0.278877731667309
0.722307135115039
0.575380264594246
0.544553080950875
0.7778232311777
0.333330696082859
0.524786382497601
0.507468559150094
0.528443816196883
0.581583552060067
0.619834766433265
0.105600318847253
0.514165752765909
0.288180317988912
0.11341053145005
0.446901023173375
0.390869571555107
0.442871850792789
0.410132325496025
0.750928905069018
0.531769954808741
0.0167367657323162
0.880955332188462
0.703313431284783
0.549558900878383
0.297715436947168
0.713501173994903
0.198715423422599
0.42419650119518
0.622618037786576
0.148502112500219
0.614066503927506
0.60787354098414
0.185231099221096
0.495342204965165
